sequence_name	sequence	corr_nat_seq_name	corr_nat_seq	hmmer_seq_score	min_natural_ham_dist_seed	max_natural_ham_dist_seed	min_natural_ham_dist_full	max_natural_ham_dist_full	max_self_ham_distance	plddt_scores
seq26	MSVTWTKNFLAGMFAGVSSQLVMYPLDVVRTRMQTMSIRFKDTDSHPFWKLLSHIMANDGFRGIYRGLSPNLSKIIPKAGIQFWVYETMINYLKSRF	A3QMB9_CAEEL/11-106	------EYSEAGLASGIVTRMIIQPLDVLKIRFQLQEEPIRGKKSGKVMQSIFLITREEGAHAFWKGHIPAQGLSATYGLVQFSSFEWLS-------	99.4	0.6494845360824743	0.8556701030927835	0.6185567010309279	0.8762886597938144	0.8969072164948454	77.00411097099622
seq0	MIGEILKDMIAGGFAGAIAVSLTHPLDLVRTRIQIGDVTVQSATYSVVWSVMKKTLREEGFKGLYRGWLLQFFRIIGNNVVTFMTFNVLSEITQRRR	Q21809_CAEEL/9-106	----TSKKCLAGSAAAAISKTTTAPFDRVKLVLQLQRQSEAMAEYNGIRDCISKIRLEQGAMALWRGNGAGVARCLPNHTLNFAFRDIYRNTLLKN-	87.6	0.6804123711340206	0.8556701030927835	0.6494845360824743	0.8762886597938144	0.9381443298969072	77.30922279792746
seq27	MV--KLKSLIAGGAAGIASKTVTYPLDIIKRRMQVMGRATVNYDYRGIARMGLKILQNEGFSGFFEGYLVSVLQTIPFTAIQFALFETAKQFLKSRI	BT1_MAIZE/130-221	---PAPARLVSGAIAGAVSRTFVAPLETIRTHLMVGSIGVDS-----MAGVFQWIMQNEGWTGLFRGNAVNVLRVAPSKAIEHFTYDTAKKFLT---	86.7	0.6082474226804123	0.8247422680412371	0.5773195876288659	0.845360824742268	0.865979381443299	75.53672947510094
seq12	CGVSVLPDFLSGSVAGVVSLTITYPLDILRTRLQAGSVRVLSNQTATIWQISKHILSNEGVTGLYRGFLPSVFKAGPISGVQFTCFRFLQNALLRVP	Q8IJ34_PLAF7/7-105	---NFAADFLMGGISAAISKTVVAPIERVKMLIQTQDSIPEIK-SGQLINCFKRVSKEQGVLSLWRGNVANVIRYFPTQAFNFAFKDYFKNIFP---	85.0	0.6494845360824743	0.8556701030927835	0.6288659793814433	0.865979381443299	0.8969072164948454	75.69883468834689
seq62	RVTTTVESFICGSLSGVVSSCLTYPLEVIKKRMQIANIITDAPKYKKSLDIVKEILRGEGVVGFYRGLGWTLIRTVPSAGFTFFATQKAKLYFR-KA	PUMP2_ARATH/212-302	---SVLTHLLAGLAAGFFAVCIGSPIDVVKSRMMGDSTYRN------TVDCFIKTMKTEGIMAFYKGFLPNFTRLGTWNAIMFLTLEQVKKVFLR--	84.5	0.6494845360824743	0.8350515463917526	0.5979381443298969	0.865979381443299	0.9175257731958762	78.0145744680851
seq49	M-VKAHTVYLAGSLAGTFTWTLLYPPDVVKTRMMTQPKLGVEQCYKGALSIARQIRQTEGLRGFYKGSVATVVHRFPYCFLMFFAYDSFKKILVP-N	ADT_DICDI/214-304	--------WGIAQVVTTIAGVVSYPFDTVRRRMMMQAGRADILYSS-TWDCWVKIATREGPTAFFKGALSNAIRGS-GGALVLVIYDEIQKLM----	84.1	0.6597938144329897	0.8144329896907216	0.6082474226804123	0.845360824742268	0.8762886597938144	71.13755263157894
seq158	QKPGNIEVIVAGSIAGVSASTAIYPFEIVRKRQQLQGQKQHHKSSKIFRDVGIYMYKQDGFLSFYRGMLVSFIKIVPSAAITFFTYEYLKKYCYS-L	A8IT08_CHLRE/130-234	------NVLLSGAAAGAAGSLISAPVELVRTKMQMQRRAALAGTVAASLDCFKQVMSKHGIKGLYRGFTSTILRDMQGYAWFFLGYEATVNHFL---	83.8	0.6494845360824743	0.845360824742268	0.5979381443298969	0.865979381443299	0.9072164948453608	74.42108108108108
seq2	MSGSVLPDFLAGSSAGVVSTSITYPLDIMKARIQIGDVRNASAPYHGVWQVSKQTLSNQGVRGLYRGVLLSYFKAIPQSGVTFMCFNFLQEIFKRVR	ADT1_BOVIN/4-103	-ALSFLKDFLAGGVAAAISKTAVAPIERVKLLLQVQHASKQISAEKQIIDCVVRIPKEQGFLSFWRGNLANVIRYFPTQALNFAFKDKYKQIFL---	83.2	0.6907216494845361	0.8865979381443299	0.6391752577319587	0.8865979381443299	0.8865979381443299	75.15735019973368
seq16	NVPG-AGTLTAGAVAGLISQLMAYPLDVARRRLQLESQAGNSSPPRGVASIVASILRNEGFRGFYRGFLPNFAKIIPGVSLTFLGFDMMQRLNRDLF	LEU5_YEAST/29-127	----IVRSGLAGGISGSCAKTLIAPLDRIKILFQTSNPHYTKYTGSLLVEAAKHIWINDGVRGFFQGHSATLLRIFPYAAVKFVAYEQIRNTLI---	83.2	0.6391752577319587	0.8556701030927835	0.6082474226804123	0.865979381443299	0.8969072164948454	74.80228021978022
seq14	MSRYPI-HFLAGAVAGSAAQMITFPFEIVRRRLQLHPQGSLEAHPRSPFRLIRAILHQEGVRGLYRGILVAYAKIIPNTALTFWFFEFLSQFLFDYT	YP011_YEAST/19-112	--------FLAGGVAGAVSRTVVSPFERVKILLQVQSSTTSYNR--GIFSSIRQVYHEEGTKGLFRGNGLNCIRIFPYSAVQFVVYEACKKKLFH--	82.7	0.5876288659793815	0.845360824742268	0.6288659793814433	0.8865979381443299	0.8969072164948454	73.71190597204574
seq92	MAGTITTEFVSGAIAGTLATITCYPFDTLKLRFQIQNIKANNTHYQNIAHAGISIIDKEGVSGLYNGIMATLLNKAALCAVVFGTYEFAKRLLSISK	FLX1_YEAST/5-106	QWTPLQKEVISGLSAGSVTTLVVHPLDLLKVRLQLSATSAQKAHYGPFM-VIKEIIRSSANSGLYRGLSINLFGNAIAWGVYFGLYGVTKELIYKS-	82.5	0.6597938144329897	0.845360824742268	0.6185567010309279	0.8762886597938144	0.8762886597938144	75.68005464480875
seq149	TMSGLAVSTLAGSLAGVIAKTITFPVDVAKKRLQVQGLAKNVSFPSHFAPILLRIVQNEGAMGLYRGYGITILRSVPSAGILFIGFEFFKQVLNIQS	Q93540_CAEEL/110-207	-QLSVGRGMLAGGLAGMFQISVTTPMELLKIQMQDQGRTLKPGQQKLATQLTMKLVKENGIAALYKGLSSTLARDVTFSVIYFPLFAYLDSL-----	82.0	0.6288659793814433	0.845360824742268	0.6082474226804123	0.8556701030927835	0.865979381443299	77.60950684931507
seq18	QERSIP-ILASGALSGAVSQCIAYPLDVVRRKLQLETQAFGTAQQKGFYGVGRDIYAQEGVRGFYRGIAPTLARCVPLTAVTFLVFDFMKKNGRIIQ	S2542_HUMAN/29-122	--RQVLSSLLSGALAGALAKTAVAPLDRTKIIFQVSSKRFSAKE---AFRVLYYTYLNEGFLSLWRGNSATMVRVVPYAAIQFSAHEEYKRILGS--	81.5	0.6701030927835051	0.8350515463917526	0.6082474226804123	0.8762886597938144	0.8969072164948454	81.3238409703504
seq5	MDFSPLPEFLAGSSAGVVATSITYPLDIIKTRIQAHDVHVLSNPDLGFLQISMRVLSREGFAGLYRGALPNYFKIGPQTGITFMCFRGLQEIFERRI	Q18683_CAEEL/17-116	---KFAIDLLIGGVSASVSKTVVAPIERVKILLQVQYSHPADKRYNGIIDAFVRVPKEQGFVSFWRGNMTNVIRYFPTQAFNFAFNDLYKSILLKN-	81.2	0.6804123711340206	0.8762886597938144	0.6391752577319587	0.8762886597938144	0.9072164948453608	79.78455978975033
seq17	HKISLP-QLAGGALAGLVSQCLAYPLDVVRRRMQLDTMSFTTAPYRGFFRIGHEIYTQSGVRGFFRGILPNYAKIIPATAITWCVFDFLQKTLRQYQ	Q93717_CAEEL/10-104	---SVVLSLSAGAIAGALAKTTIAPLDRTKIYFQVSSTRGYSFRS--AIKFIKLTYRENGFFALYRGNSATMARVVPYASMQFAAFEQYKKLLK---	80.8	0.6701030927835051	0.845360824742268	0.5670103092783505	0.8762886597938144	0.9381443298969072	75.54769830949284
seq43	MDAATPSHFVAGGTAGVLAVIAGYPLEVARIRMQAAGRGHGPAPYPSPTRVILQVMKKEGWAGLYKGVVIGALKNSPLTGIRFYVYETSKKLYYSAF	Q19422_CAEEL/54-141	------------LCSSWTIRCMLYPMSVVKSRLQLQRQNNVYNG---MRDAFVKIIRQEGIGALYKGFWMTLPQLS-ASFLYSSAYERVRDLLQT--	80.6	0.6597938144329897	0.8350515463917526	0.6288659793814433	0.8762886597938144	0.9072164948453608	67.42110807113544
seq125	S--EALAKAISGGIAGGIAVAFTYPLELVKSRIQLAGSRHLERKYSTMRQALYSIVKDEGATTMYEGIAANLARTMPVSSVTFPIFEFAKLRLEKLQ	UCP3_PIG/109-207	--SSITTRILAGCTTGAMAVTCAQPTDVVKVRFQAHAGPRSNRKYSGTMDAYRTIAREEGVRGLWKGILPNITRNAIVNCAEMVTYDVIKEKVLD--	80.2	0.6494845360824743	0.8144329896907216	0.6185567010309279	0.8556701030927835	0.8865979381443299	78.7558734525447
seq10	NGESGLVPLLAGSVAGVVAKSFTYPLDTMRKRMQVGNVASEHAKGATRWAVFRNILSKEGITGLYRGVGISYFKVMPISSVTFMCFGFFQNLVRKPP	Q388C4_TRYB2/12-109	---GFLEEFMIGGVAAGLSKTAAAPIERVKLLVQNQGEMMKQGRLDKVVDCFRRTISTEGVYPLWRGNLSNVLRYFPTQALNFAFKDKFKRMFNY--	80.2	0.5979381443298969	0.845360824742268	0.5979381443298969	0.8762886597938144	0.9175257731958762	70.71359838274932
seq60	DFDGHVRSSISGFLAGFFATVLTYPIEVVKRRKQLATLQGDGENARKVLGTAKEIIKHEGPLKFFRGLGPTMLKTLPMSATSLLAYEMLKTYLHNES	DIC1_YEAST/203-294	---KNYTHLTASLLAGLVATTVCSPADVMKTRIMNGSGDHQP-----ALKILADAVRKEGPSFMFRGWLPSFTRLGPFTMLIFFAIEQLKKH-----	80.1	0.6701030927835051	0.845360824742268	0.6288659793814433	0.865979381443299	0.9175257731958762	75.15705416116248
seq156	PS-EPILSLVAATLAGVISKTITYPFELARRRGQQQIGSGGKVPFQSVMQVGKKVIREEGVTGLYRGILPTLFRIAPNCAIFFLGFEALKPFADSAI	Q18844_CAEEL/91-186	--DSITSHFVGGCAAGMAQSVIAAPTERIKLLLQIQDDKAHT-KFNGPIDATKQLLRTHGLKSLTRGFLATVARDAPAFGVYFASYEWMARSMCK--	79.7	0.6701030927835051	0.865979381443299	0.6185567010309279	0.865979381443299	0.9072164948453608	77.24053424657534
seq129	LQPKSLQVAAAGAAAGATATIVCYPLDVVRSRLQAQDTLDSKYQFAGLMSCLWRTVKEDGYRGIYKGWTSCALGAMPISAVTFSVWDGMMTLLTHIG	O01883_CAEEL/115-214	--FPLWKSMLCGAFSGLIAQFAASPTDLVKVQMQMEGLRRLQKQPLRATDCFRSLYRTQGFFGLWIGWMPNCQRAALLNMADIATYDSVKHGLIDN-	79.6	0.6391752577319587	0.8247422680412371	0.6185567010309279	0.8865979381443299	0.8969072164948454	81.6478954607978
seq127	SA-QALAHAVCGGIGGVVATAIVQPLELAKSRIQVAGSSHGERQYTSLWSALATIYKDEGVTGLYKGINVILPRTIVWNSVTFSTMEFARGRLIQMQ	UCP1_BOVIN/111-208	--ASLGSKISAGLMTGGVAVFIGQPTEVVKVRLQAQSHLHGPKPRYTTYNAYRIIATTEGLTGLWKGTTPNLTRNVIINCTELVTYDLMKEALVKN-	79.0	0.6494845360824743	0.845360824742268	0.6288659793814433	0.8762886597938144	0.8762886597938144	76.75158113730929
seq6	MSGSVLPEFLAGSSAGVVTTSITYPLDIVKARIQVGDTRVSSNPKLGFLQISKQTLSNNGFKGLYRGVLLSYFKAGPQSGVQIMCFEFLQGIFLRVR	O62526_DROME/14-113	---SFLMDFMMGGVSAAIAKTAVAPIERVKLILQVQEVSKQIAADQRIVDCFIRIPKEQGFSSFWRGNLANVIRYFPTQALNFAFKDVYKSVFL---	78.9	0.6804123711340206	0.865979381443299	0.6391752577319587	0.865979381443299	0.8865979381443299	73.58726657645467
seq71	MSRH-TQVFLAGSVAGFSDATVTYPIETVRRRMQLHATSDLETSELTAREILFQIVREEGRSGLYKGWYPGMLRAVPSNGARLLAYETFMKVLTDWY	Q18844_CAEEL/189-279	--LSSGQLLFAGGTAGMLSWLFNYQTDIIKSRFQADNSYKS------YMHCIKQTYLERGYRGFFVGLNSALIRAFPSNAATFFTVEWTYRILL---	78.3	0.6701030927835051	0.8144329896907216	0.6082474226804123	0.865979381443299	0.8865979381443299	77.99874025974027
seq58	-T-PGH-MLVIGAIAGFLASAATYPLETIKRRMQLASPESAGMDSGTSYVIAMNVLRKEGRSGFYRGFIVNMFKLVPSTGLNMWVYESCIRYLEERR	Q93540_CAEEL/211-307	----FYGSFLAGLTSGAASSFCVTPLDVIKTRMQTINKGANEIVYKNIPDAFVTIFKNEGPKALFKGAACRMMVMAPLFGIAQTVY-----------	77.7	0.6288659793814433	0.8350515463917526	0.5876288659793815	0.8556701030927835	0.9175257731958762	72.04461118690314
seq3	MSHSALPELIAGSSAGVVSTSLTNPLDIIKTRIQIGDVAVLSNPDHGALQIVHQTVSREGFRGYWRGAGLSYFKVGPQSGITFYCYTFLQEIFERRR	O01813_CAEEL/8-107	---KFLVDLASGGTAAAISKTAVAPIERVKLLLQVSDVSTADKKYKGIMDVLARVPKEQGYAAFWRGNLANVLRYFPTQALNFAFKDTYKKMFQE--	77.5	0.6804123711340206	0.865979381443299	0.6288659793814433	0.8865979381443299	0.8865979381443299	69.56238726790451
seq47	MFPYEICFHLAGAVAGIFSKIILYPPEVIKRRLMIQGFKHKQFKYSGPISIIKTMYNNEGIPMFFRGSALTLAHNLPTAALYFFFYEMFKKLMTK-P	ADT3_YEAST/212-305	---SFLASFLLGWVVTTGASTCSYPLDTVRRRMMMTSGQAVK--YNGAIDCLKKIVASEGVGSLFKGCGANILRSVAGAGV-ISMYDQLQMILFG--	77.4	0.6804123711340206	0.8556701030927835	0.6082474226804123	0.865979381443299	0.9278350515463918	69.53651842439645
seq20	TPLAIWGRFAAATIAAAVSQMISFPFDVIRRRLQFRSVFALEKHFETSKSAFNRIYAKEGIRGLFRGWLVNMIKTIPATGVSLVGFEFIVDALKKIG	S2543_HUMAN/8-101	-----GQRLLCAGLAGTLSLSLTAPLELATVLAQVGVVRGHARG---PWATGHRVWRAEGLRALWKGNAVACLRLFPCSAVQLAAYRKFVVLFTD--	77.1	0.6494845360824743	0.8556701030927835	0.6185567010309279	0.8762886597938144	0.9278350515463918	75.46996098829649
seq102	MDYTKLKNASVGSVSAAISKIVLFPVDTVRVRLQVQSTKRLEKYQKHLLYCFRQMLDQEGVSSFYRGVSVGLLKTIPTSVFMFAVSDVAHFALEKVV	O62347_CAEEL/3-93	------RQITAGGSAGLVEVCLMYPLDVVKTRLQLGQQDKG------MMDCVVKTLKNEGIGGFYKGILPPILAETPKRATKFFTFEQYKIAFTH--	76.8	0.6082474226804123	0.865979381443299	0.6494845360824743	0.8865979381443299	0.8865979381443299	65.83767926988266
seq45	M-L-AGNVHVAGGVAGTIALLGTVPLDVIRTRMQVQSTVNGVKRSRSNLRMARQMVQREGIRAFCNGLLVQISRVAPAVSVSFVSYEATRRFLVSRD	EAAC_ARATH/276-364	-----QSSLLTAVLSAGIATLTCYPLDTVRRQMQMRGTPYKS-----IPEAFAGIIDRDGLIGLYRGFLPNALKTLPNSSIRLTTFDMVKRLIAT--	76.3	0.6494845360824743	0.8350515463917526	0.5773195876288659	0.865979381443299	0.8969072164948454	66.17808333333333
seq110	--IDFV-NFSVSTVSAVPGKLLVHPLDTIKVRLQFEKSMDKSKFYSGYRRTLLQIASQEGLGGLYKGMGVALSRQIPNTALFWGTYEQAIKYIRKSS	ADNT1_ARATH/137-232	--LTPLLRLGAGATAGIIAMSATYPMDMVRGRLTVQTANSPYQY-RGIAHALATVLREEGPRALYRGWLPSVIGVVPYVGLNFSVYESLKDWLVKE-	75.9	0.5567010309278351	0.845360824742268	0.6082474226804123	0.865979381443299	0.8762886597938144	72.34547043010753
seq122	MGH-I-FKVAGGIVSTLVSKIVTYPFEVVKFRLMTASSKHCFLKYKHIFDCFLKILKIEGISGLFRGISVQVIKVVPTVTLNFSAFFLAKTLLR-SQ	TXTP_YEAST/108-204	-------GVIAGLGAGLLSVAAVTPFEAIKTALIDDKQSATPKYHNNVVRNYSSLVRDKGFSGLYRGVLPVSMRQAANQAVRLGCYNKIKTLIQDY-	75.9	0.6494845360824743	0.845360824742268	0.6082474226804123	0.8762886597938144	0.8865979381443299	77.4721505376344
seq7	MTESVLKDFSAGSVAGVVARSFTYPLDILRIKLQSHNVASLSAKYATRWQMARHILSNEGITGFYRGLLISYFIVVPISGVDFMCFHYSQEAFLSVP	ADT2_YEAST/19-119	-ESNFLIDFLMGGVSAAVAKTAASPIERVKLLIQNQDEMLKQGTLDRILDCFKRTATQEGVISFWRGNTANVIRYFPTQALNFAFKDKIKAMFG---	75.7	0.6907216494845361	0.865979381443299	0.6391752577319587	0.8865979381443299	0.9072164948453608	76.72398427260812
seq13	MSESVLPDFLAGSVAGVVSTSITYPLDIMRRRQQIGDVRVLSAPKHGFFQISKQIIENQGFKGLYRGVGASYAKAIPTAGVTFVCFHFLQEIFRRVY	ADT_DICDI/8-107	---SFVKDSLIGGTAGGVSKTIVAPIERVKLLLQVQSASAADKQYKGIVDCFVRVSKEQGVISLWRGNLANVIRYFPTQALNFAFKDKYKKFFVR--	75.6	0.6907216494845361	0.8865979381443299	0.6494845360824743	0.8865979381443299	0.8762886597938144	76.92604467805519
seq134	VRYKTFAHGAAGATAGVLAWTIAFPADLVRTRMQAAGSQHQEIRYQTPWNALQTIVRNEGVTSLYRGIGLMASKSFIWSSVTFSIHEGARLRLQR-L	PUMP2_ARATH/112-210	-DIPLYQKILAALLTGAIAIIVANPTDLVKVRLQSEGKLPAGVPRRYAVDAYFTIVKLEGVSALWTGLGPNIARNAIVNAAELASYDQIKETIMK--	75.0	0.6391752577319587	0.8350515463917526	0.6082474226804123	0.8762886597938144	0.8969072164948454	71.5260690571049
seq50	VFVKAFYVLLAGALGGSVSTIAVSPLDVVRTRMKFQAKLSRHTCYKGLVSALLQIVNTEGFRGLYKGVWACTASNMGACAIKFASYDMLTWITR--P	Q18683_CAEEL/219-306	-KLPFYASFAIAQGVTVLSSYLTYPWDTVRRRMMVKGQLSTSK----AFSAARKIVHEEGVRGLYKGALANIFRSA-GGALVMALYEEIHKH-----	75.0	0.6391752577319587	0.8247422680412371	0.5979381443298969	0.8762886597938144	0.9175257731958762	70.76736551724139
seq106	--N-II-HGSAGGISSVIGRLFTFPLDTLKTQMQVSNKVHPDKPNKGLARVGTEILKQEGWKGFYKGIDISLVQTMPNAALQMPLYEFMIIMMKKSA	BT1_MAIZE/225-316	--IPIPTPLVAGALAGFASTLCTYPMELIKTRVTIEKDVYDN-----VAHAFVKILRDEGPSELYRGLTPSLIGVVPYAACNFYAYETLKRLYRR--	74.9	0.6082474226804123	0.845360824742268	0.6082474226804123	0.8762886597938144	0.9278350515463918	73.24223922114047
seq143	MFR-YLEKFAAGTGATITAQIITLPLDTIRRRMQFANSAGLDNFCSHAARTFIEILKRDGLSGLWRGILPAILGTGPASAVSFVAFEVCRSQCLF-I	O64731_ARATH/228-325	----WLIYATAGAAAGGLAAAVTTPLDVVKTQLQCQGVCGCDRFKSSISDVFRTIVKKDGYRGLARGWLPRMLFHAPAAAICWSTYETVKSFFQD--	74.8	0.5463917525773195	0.8247422680412371	0.5979381443298969	0.8762886597938144	0.865979381443299	73.92794238683128
seq151	ISRQSE-NLAAGSGAKMVALGILYPFQVLRTRFQVRNSKLESQTITQSIRVFLEIINKEGISGLYGGISPNLLRVIPPTMVSFVSYEIATTYLER-R	MTM1_YEAST/154-255	--YPTLNPLFCGAIARVFAATSIAPLELVKTKLQSIPRSSKSTKTWMLLNETRQEMKMVGPRALFKGLEITLWRDVPFSAIYWSSYELCKERLW---	74.7	0.6185567010309279	0.8350515463917526	0.5670103092783505	0.865979381443299	0.8762886597938144	70.36620643431635
seq98	EIPIPPTKLVSGALASTMATLCIHPFDVVRHRAKVIKEKARASYASGTLSTFRQTIKTEGLPSLYKGLGTTLMTTVPTHAVFYFVYDFSKGYIKQII	ADT1_ARATH/181-281	-WKWFAGNLASGGAAGASSLLFVYSLDYARTRLANDAKAAKKGGGGRLVDVYRKTLKTDGIAGLYRGFNISCVGIIVYRGLYFGLYDSVKPVLL---	74.6	0.6804123711340206	0.845360824742268	0.6494845360824743	0.8865979381443299	0.8865979381443299	69.52677290836654
seq90	MFICICNETSAGGSGSTRAQLICYPLEIVRRRLQANSAFLQRSNFAHIASAWVQMLRKEGLTAFYRGVSPAIVRTLPFSAVFFTTYEYLKHVAK-SA	YB8B_SCHPO/13-102	---SPASTFSAALVSSAISNVIGYPLDSIKVRQQTYNFPT-------IRSCFQNAVKNEGLKGLYRGLTLPLISATLSRSVSFTVYDSLKLTFA---	74.5	0.6597938144329897	0.8350515463917526	0.6288659793814433	0.865979381443299	0.8762886597938144	61.48675496688742
seq145	-PCTPWEHVTCGMLGGVVSQIVGHPLWVIMRRLDSQSSNLLPNENQGFLSVVRSTLANEGSSALYKGIVATILQMMPWSVLQFALYDVAIRLCKDGT	YAD8_SCHPO/79-168	-------YSICGMTAEVVSSFVWTPLEVIKARTQISQKGS-------VINTISTLARSEGLKGFYRGYWMGVAIYLPTTVSWWVCYEESKKYLQKQ-	74.0	0.6907216494845361	0.865979381443299	0.6494845360824743	0.8865979381443299	0.8762886597938144	78.07145578231292
seq29	M-SINIAPHISGFIAGIISCVIMFPFDTVKNRIQTKFNASLNAKTRNIYYTILKIIKYSGIGGLYRGLTPEVIKASVKMAASFSAYNIINRLLKNKD	S2538_YEAST/113-204	--LTMYENLLTGAFARGLVGYITMPITVIKVRYESTLYNYSS-----LKEAITHIYTKEGLFGFFRGFGATCLRDAPYAGLYVLLYEKSKQLL----	74.0	0.6907216494845361	0.8556701030927835	0.6288659793814433	0.8762886597938144	0.8762886597938144	68.78973333333333
seq61	MATYDTRSFACGAVGGVVSKTLLYPLDTLRKRMMLNVPKTGEKFPLAIFQIANDIYLHEGPVGFYIGLLPNLLDTVPAAGFNFMSYEVFKTLLRVKD	UCP4_HUMAN/225-321	---NIMTHGLSSLCSGLVASILGTPADVIKSRIMNQPRDKQGRGLLYSTDCLIQAVQGEGFMSLYKGFLPSWLRMTPWSMVFWLTYEKIREM-----	74.0	0.6804123711340206	0.8556701030927835	0.6082474226804123	0.8865979381443299	0.9278350515463918	71.6934255599473
seq48	QFPPALYFHLAGAFAGIFSWILLYPPEVIRRRLMGQGFKHKQFTYRGFISAAMTVYNNEGLRMFFRGSLVTIAHAVPTCALYFFCYDMFKKLMTR-P	ADT_SCHPO/228-321	---NFLASFLLGWAVTTGSGVASYPLDTIRRRMMMTSGEAVKYSS--SFECGRQILAKEGARSFFKGAGANILRGVAGA-GVLSIYDQVQLLMFG--	73.9	0.6804123711340206	0.845360824742268	0.6288659793814433	0.8762886597938144	0.9690721649484536	75.19681012658228
seq19	VSE-VIHKLATGVVSAAVSQCITYPLEVVRRRLQFELQKSVAAPKPGFYRIGCQIFKQEGLKGFYRGLLPNCAEIIPNAALTYWGFDFIQQYFRITQ	GDC_BOVIN/30-123	---YWLRSFLAGGIAGCCAKTTVAPLDRVKVLLQAHNHHYRHLG---VFSTLRAVPKKEGYLGLYKGNGAMMIRIFPYGAIQFMAFEHYKTLITTK-	73.7	0.6494845360824743	0.845360824742268	0.6494845360824743	0.8865979381443299	0.9175257731958762	80.00377922077922
seq107	PTI-ASLIASGGAISSLIAYSLLHPLDTIKVRMQLMKKKHGENFSQTFLRYGKMILKQEGPRGFYVGTGSRIMQSIIASSIQFPIYQELKNHLMQSR	Q93717_CAEEL/107-198	---TPVKRYITGSLAATTATMITYPLDTAKARLSVSSKLQYSS----LKHVFVKTYKEGGIQLLYRGIYPTILGVIPYAGSSFFTYETLKIMYRD--	73.4	0.6391752577319587	0.865979381443299	0.6391752577319587	0.8762886597938144	0.9175257731958762	74.87214569536424
seq119	VFKII-ALAIAASFAGVISTWLTSPLDTLKTRLQTQNSTILEKESPKFVQQALTIIKQEGVRGFFKGSSARLFQVIPTTTISHWVANFCIHTLR-SP	YIA6_YEAST/177-268	-------QSCAAITAGAASTTLTNPIWVVKTRLMLQSNLGEHPTHYKTFDAFRKLFYQEGFKALYAGLVPSLLGLF-HVAIHFPIYEDLKVRF----	73.4	0.6082474226804123	0.865979381443299	0.6185567010309279	0.8762886597938144	0.8969072164948454	72.47310901749664
seq9	MGEKVLVDMLAGSVAGVIAKSFLYPLDTMRKRLQIGNVTSLSAKGATRWQIFLQILSNEGITGFYRGVLISYFKVGPISGLTFMCFHFAQEAILKVP	ADT_NEUCR/9-109	---PFVADFLMGGVSAAVSKTAAAPIERIKLLVQNQDEMIRAGRLDRIIDCFKRTTADEGVMALWRGNTANVIRYFPTQALNFAFRDKFKKMFGY--	73.4	0.6701030927835051	0.865979381443299	0.6185567010309279	0.8762886597938144	0.9175257731958762	72.51280373831776
seq78	M-EKSL-YFVAGTIGGVISKLFCFPLDTARRRLQFYDYEHKKKVFRETSEISFSIFKNEGVLGLWQGILLGLSKAVPETAVQFYCYETVKMLLLVRS	CMC2_HUMAN/518-611	-----GSLLLAGAIAGMPAASLVTPADVIKTRLQVAARAGQTTYSG-VIDCFRKILREEGPKALWKGAGARVFRSSPQFGVTLLTYELLQRWFY---	73.2	0.5463917525773195	0.845360824742268	0.5876288659793815	0.8762886597938144	0.8969072164948454	71.61858808290155
seq123	MII-L-CTYAASIIGTIASALVTNPFSVVRRRMIQQSTKHLDLQYKHGGDCFYKIIKNEGVTGLFKGISVQVIKTIPTASINLGIFDRAKEYLHRAQ	YFG5_SCHPO/103-195	------RTVLAGLGAGVASVLVLTPFESIKTAIIDDRKRPNPR-LKGFLQASRIIVHENGIRGLYRGLAATVARQAANSGVRFTAYNSIKQSLQS--	73.0	0.6597938144329897	0.8762886597938144	0.6185567010309279	0.8865979381443299	0.8865979381443299	74.621399730821
seq124	MRH-LVVNLAAGLIGGCVARLIAYPMDVVRRRMIMHGSPYLDIRYSHSADCLLQILQAEGYTVLFRGIPVALIGVIPTAIVNITTYEAAREIVR-AY	SFC1_YEAST/108-207	----TGNTFVAGVGAGITAVLVVNPMEVVKIRLQAQHLTPSEPNAGPAIHAAYTIVKEEGVSALYRGVSLTAARQATNQGANFTVYSKLKEFLQNY-	72.3	0.5876288659793815	0.8556701030927835	0.6185567010309279	0.8762886597938144	0.865979381443299	76.44202445652174
seq96	MIPNPTTKIASSAIAGVRRTLCIQPFDVALTRAQVTGEGALGTYANETLDTFVQIYETEGLPGLYKGLRTTLMGTLPTHCVMYTTYDFIKHYCKSII	ADT1_BOVIN/109-206	--RYFAGNLASGGAAGATSLCFVYPLDFARTRLAADVGKGAQREFTGLGNCITKIFKSDGLRGLYQGFNVSVQGIIIYRAAYFGVYDTAKGMLP---	72.2	0.6804123711340206	0.845360824742268	0.6288659793814433	0.8762886597938144	0.8969072164948454	75.76382037533511
seq34	MLVLFIYVHILYIRAGAIGAVCSCPLEVIKARMQVASAAAFENRSMSFIGISKQILLKEGFTSFYRGCGVVSVRATLASAVYFATYETVINFLLRIT	MFRN_CAEEL/13-108	--HSVPVHLTAGALAGAVEHCVMFPFDSVKTRMQSLCPCPETKCPT-PVHSLMSIVKREGWLRPLRGVNAVAAGSMPAHALYFTVYEKMKGYLTGN-	72.1	0.6804123711340206	0.845360824742268	0.6288659793814433	0.8865979381443299	0.9072164948453608	73.66020053475935
seq11	MGEHVLVDLLAGSVAGVVAKTFTYPLDTMRKRWQLGGVASLAAKGATSWQAYRAILSREGISGFYRGLLASYFKVGPISGLTFMQFHFAQEAFLKVD	ADT1_ARATH/76-176	---NFALDFLMGGVSAAVSKTAAAPIERVKLLIQNQDEMIKAGRLSEIGDCFGRTIKDEGFGSLWRGNTANVIRYFPTQALNFAFKDYFKRLFNFK-	72.1	0.6597938144329897	0.8556701030927835	0.5979381443298969	0.8762886597938144	0.9072164948453608	72.09416331994645
seq28	M-R-NGQFLQSGAISGIFAHVALFPLDTIKTKMQLHRENASTHHPGSLYKTSQDIVRTDGVSGLWLGFGVSSLHLSIEMGFYFYTYKVTKEMLRLDD	A3QMB9_CAEEL/116-209	----STSDFACGALSGCLAMTAAMPLDVIRTRLVAQKAGHAVY--TGTMHAVKHIWEKEGIAGYFRGWVPSVVQIAPFTGMQFALYNCFMDLW----	72.0	0.6907216494845361	0.8350515463917526	0.6288659793814433	0.865979381443299	0.8969072164948454	74.96602122015916
seq128	L-MGSLQEALGGAIAGSVATTFSYPTDLVRSRLQAQMVWDPNYKFTGLMSTVKTTVKEDGVLSLYKGFTSIALGSAFSVATTFSCYDLFMELCTRLW	UCP4_HUMAN/123-222	-HYPLWKSVIGGMMAGVIGQFLANPTDLVKVQMQMEGKRKLEGKPLRVHHAFAKILAEGGIRGLWAGWVPNIQRAALVNMGDLTTYDTVKHYLV---	71.7	0.6804123711340206	0.8350515463917526	0.6082474226804123	0.865979381443299	0.8865979381443299	74.85746248294679
seq87	DHISFRQHLLAGGLAKTRACVFIYPCKVIKIRLINDNGYSDRSGYRELARIGANMLRNEGVEVLYRGVGVNVLKSAPALAVQYFTYEKLKNYLKNIA	G5EB14_EMENI/27-117	---EAFKDIVFGSAAGMIGKVIEYPFDTVKVRLQSQPDHLPLR-YNGPLDCFRQSFQAEGLRGLYRGISAPMAGAAVENSCLFFSYRVVQELL----	71.5	0.6907216494845361	0.8556701030927835	0.6391752577319587	0.8865979381443299	0.8969072164948454	66.84594033722439
seq25	MSDYYMKELSFGGISGVAVKVLTHPWDVVKSRNQITNLELGNGDSFHAFNVLKQILTKDGFEGLWKGYLQACIKSIPETSFSFWSYETYVNIFRAKR	TPC1_YEAST/12-108	--VAAWKTLLAGAVSGLLARSITAPMDTIKIRLQLTPANGLKPFGSQVMEVARSMIKNEGIRSFWKGNIPGSLLYVTYGSAQFSSYSLFNRYLT---	71.3	0.6597938144329897	0.8556701030927835	0.6391752577319587	0.8969072164948454	0.8762886597938144	67.60653944020356
seq109	WNI-G--RVFCSTLASIPAKYCLFPFEIIKTRVQAEISQHDRFSYRSARDCGLQILQNDGLEGLYKGVGISACRIIPEAALKFASYDWMKKYVVESR	YP011_YEAST/118-224	--LTNTQRLFSGALCGGCSVVATYPLDLIKTRLSIQTANLSSLNRSKIWQLLSETYREGGLRGLYRGVWPTSLGVVPYVALNFAVYEQLREFG----	71.1	0.6804123711340206	0.8556701030927835	0.6597938144329897	0.8762886597938144	0.8762886597938144	71.12447682119205
seq130	MEVKPLAHFTLAALSGGTTWFVGFPADIVKTHLQRATLQSQSIPYTSFHQAFQHIYRKEGFKSFYRGAMVCGMRAVFIGAVMFPVYEQLKLVLQH-M	DIC1_YEAST/107-200	----------CSMFSGAIGGLAGNFADVVNIRMQNDSALEAAKRRNYAIDGVYKIYREGGLKTLFTGWKPNMVRGILMTASQVVTYDVFKNYLVT--	71.0	0.6804123711340206	0.8350515463917526	0.6082474226804123	0.865979381443299	0.8969072164948454	70.25128738621588
seq146	MVQSIPKSELAGAVGGVCALICFFPGETVKVRMQVNAAKHTKLEYSSFAGLFLGTYRREGFSGMYKGVIPALLGYMPLSFISYASYEGAIWILGDFE	O64731_ARATH/128-219	---NSAAHAISGVFATISSDAVFTPMDMVKQRLQIGNGTYKG-----VWDCIKRVTREEGFGAFYASYRTTVLMNAPFTAVHFTTYEAVKRGLR---	70.9	0.6391752577319587	0.8556701030927835	0.6288659793814433	0.8762886597938144	0.9072164948453608	70.69032345013477
seq57	-T-PGV-MLVCGALSGTVSSALTYPLETIKRRMQIASPVVARVASGTSYSIAMTMLRKEGWSAFYRGFIPSMLKLVPSTALSMWAYESIIYYIRLRR	Q20847_CAEEL/212-303	---VFWASFVSGLTAGATASLSVTPLDVVKTRIQTGGSNYNG-----IFHAFYRILADEGVKALFKGAICRMMVMAPLFGIAQTVY-----------	70.8	0.6391752577319587	0.845360824742268	0.6185567010309279	0.8556701030927835	0.9381443298969072	71.74544581618655
seq133	RS-KTLAHIAAGAIAGGLAWTIAFPAELVRSRIQLAGSQHQEIRYQGPWNALQQIVRQEGVTSLYRGIGLMASKSIIWSSVTFAIHEEARIRLQR-L	O24391_SOLTU/114-212	-DVPLSKKILAALTTGALGITIANPTDLVKVRLQAEGKLPAGVPRRYALNAYSTIVKQEGVRALWTGLGPNIGRNAIINAAELASYDQVKEAV----	70.8	0.6082474226804123	0.8350515463917526	0.5876288659793815	0.8865979381443299	0.865979381443299	75.75890982503364
seq4	MSGSALPELLAGSSAGVVSLSITYPLDIIKARIQIGDVRVKSNPDHGILPIVHQTVSREGFKGYYRGAGLSYFKAGIQSSITFYCFGFLQEKFERRR	O45865_CAEEL/8-107	--KKFLIDLASGGTAAAVSKTAVAPIERVKLLLQVQDASAVDKRYKGIMDVLIRVPKEQGVAALWRGNLANVIRYFPTQAMNFAFKDTYKAIFL---	70.7	0.7010309278350515	0.8762886597938144	0.6391752577319587	0.8865979381443299	0.8762886597938144	67.01733067729084
seq36	QLIVFFGNHYGGAIAGSIQAIISNPFDIVKTRQQLLASKNPEFQHLNHFQVFSRILREEKVTGLYRGIYPTALKTLPYMGTSFLVYELAVRLLG-G-	MME1_YEAST/50-143	---PIWHCVVSGGIGGKIGDSAMHSLDTVKTRQQGAPNVKKYRN---MISAYRTIWLEEGVRGLYGGYMAAMLGSFPSAAIFFGTYEYTKRTMIE--	70.7	0.6288659793814433	0.8350515463917526	0.6185567010309279	0.8762886597938144	0.865979381443299	69.43451783355349
seq74	MSVNFIWHLSAGGLAGFISKTFTFPFDIIRRRRQHGYTKELRKSVRQYIKHTQSIYKNERLTGFYKGLLPTLLAAIPGTAIVFLFYELYYIYIRD-F	COLT_DROME/210-303	-QISTASTIFAGGVAGMAYWILGMPADVLKSRLQSAPEGTYKHG---IRSVFKDLIVKDGPLALYRGVTPIMLRAFPANAACFFGIELANKFFN---	70.5	0.6494845360824743	0.8556701030927835	0.6082474226804123	0.8762886597938144	0.865979381443299	70.29049443757725
seq8	MKEGVLRDMSYGSVAGVMASSFTYPLDIMKIKLQMHNVSSLPAKYATRWQMARHIFENEGIPGFYRGLLISSFCVVPISGVDLMCFSVSQEAFLKYP	ADT1_YEAST/9-109	-QSHFGVDFLMGGVSAAIAKTGAAPIERVKLLMQNQEEMLKQGSLDTILDCFKRTATHEGIVSFWRGNTANVLRYFPTQALNFAFKDKIKSLLS---	70.4	0.7010309278350515	0.8762886597938144	0.6597938144329897	0.8865979381443299	0.8865979381443299	71.11800262812089
seq108	KNIDAS-IIFAGTISSVIAYTLLFPLDTIKTRIQFQNKVPGANFSSGFLRIGRGILKEEGAKGLFKGLGIAWSQAIIASALQLPIYENLIISLQHKK	S2542_HUMAN/127-216	--LPPWPRLFAGALAGTTAASLTYPLDLVRARMAVTPKEMYSN----IFHVFIRISREEGLKTLYHGFMPTVLGVIPYAGLSFFTYETLKSL-----	70.4	0.6185567010309279	0.865979381443299	0.6185567010309279	0.8865979381443299	0.9072164948453608	75.88416779431665
seq35	-IE-AFSAVASGMIAGSLQTIGTYPLEVVKTRQQVLIDKPPEFIQLHHSQLLLRILREEGVTGLYRGIYPTAVKFAPYMGISFWTYDLSKTAIESAF	YQ73_SCHPO/11-105	------HVLIAGGIGGATADFLMHSLDTVKTRQQAALYTNKYNG---MVKCYSTILCEEGVHGLYSGVCPMLIGSLPATALFFSSYEYTKRHLMSN-	70.3	0.6701030927835051	0.8350515463917526	0.6185567010309279	0.8762886597938144	0.9072164948453608	71.42612299465242
seq115	MTERLFANASAATIAGVFAKTSLYPLEVLKRRKQLQNEETGINTRGGIARTGMQILEAEGASGFYRGLSPGLLQAIPSSVVSFSSWEFAKHLLR-SL	PM34_HUMAN/97-197	--STTGKDLVVGFVAGVVNVLLTTPLWVVNTRLKLQGAKFRNEDIVPIIDAFHQIIRDEGISALWNGTFPSLLLVF-NPAIQFMFYEGLKRQLLKK-	70.1	0.5876288659793815	0.8556701030927835	0.6185567010309279	0.865979381443299	0.8556701030927835	74.31877216916781
seq79	MSET-V-HSIAGGTAGVISCILVFPLDTIRKRIQFKTPEKLKCVWSYVFKILFQTVKKKGVSGLYKGILVGVSQAAPTAAIDFYLYETAKMYLLVRA	AGC1_YEAST/723-818	--LKTWELLTAGAIAGMPAAFLTTPFDVIKTRLQIDPRKGET-KYNGIFHAIRTILKEESFRSFFKGGGARVLRSSPQFGFTLAAYELFKGFI----	69.9	0.5670103092783505	0.8350515463917526	0.6082474226804123	0.865979381443299	0.8969072164948454	72.70131081081081
seq1	MVGKLVPGLISGVFAGFISTTIGYPLDVMRARQAIGDVSNPSAERHGAIKVMKTIASEQGWKGLYRGYLLNFFKAIPMVSISFMCNHFWQEIFKRSR	P91270_CAEEL/14-113	--IKFSKDFMAGATAAAISKTVIAPVERVKLILQLQNSQALENRYKGIVDCFIRVPREQGFLSFWRGNWVNILRSCSQESLGLSFKEFFRKY-----	69.7	0.6804123711340206	0.8556701030927835	0.6391752577319587	0.8762886597938144	0.8865979381443299	68.14233595800525
seq140	ETMT-LKYALAGSGASIVARCCDYPLDVAKIRLQIQQYSQHPIYFNYITSMFIKILKNEGIWSSYKGIIPPIYASAFQTFFSFTTYSQSIKLLESST	Q17970_CAEEL/31-122	--------GMGGSICCGFTHLVITPLDIVKCRMQVDPLKYTG-----VVQGFKVAVAEDGVRGLARAWAPTTIGYSAQGFGKFGYYEIFKNVYG---	69.5	0.6494845360824743	0.865979381443299	0.6288659793814433	0.8865979381443299	0.9072164948453608	74.4509622886866
seq51	MSKGSSHLCVAGGIGGIVAKTMLYPYDLIKVRMRATFGNVLYSHLGHIKVATVNIVKNEGLKGLYRGLLPYWTMQIPGEMLWLYSYAGLKVFFYKYR	YEA6_YEAST/239-334	--SNFQKLILASMLSKMVASTVTYPHEILRTRMQLKSDLPNTVQRH-LLPLIKITYRQEGFAGFYSGFATNLVRTVPAAVVTLVSFEYSKKYLT---	69.0	0.7010309278350515	0.845360824742268	0.6597938144329897	0.8865979381443299	0.8865979381443299	70.13686528497409
seq157	AMLGALRTAALGTASGIIASIVTFPSETLKLRIQGRVKGSNETLSQHFKKISGEIVKKEGVFGLYQGITPNLFRAVPGGLIFWLTVEFTESFFKSLT	CRC1_YEAST/137-226	--LTMGQMAAAGFISAIPTTLVTAPTERVKVVLQTSSKGS-------FIQAAKTIVKEGGIASLFKGSLATLARDGPGSALYFASYEISKNYLNS--	68.9	0.6597938144329897	0.8556701030927835	0.6494845360824743	0.8762886597938144	0.9587628865979382	79.78269905533064
seq54	MEA-ASINLLAGLLSGSCGNMIMQPFDTLKTRVQFAPAGTLAQHSQGLLRLSKYVLSTEGIKGLYRGILPGLIRQIPGFAIAMCTSSVITGSLRQWV	Q21084_CAEEL/207-294	-------YVIASSTSKVLATTITFPYQVLRTRMQDHNTDSRG-----VWKTTLKTIHNEGIGGLWKGCLIANVRQLPAAVVTFLTYENVKRLV----	68.7	0.6907216494845361	0.865979381443299	0.6185567010309279	0.8762886597938144	0.8969072164948454	71.25002797202798
seq52	MSKGSSELLVAGGCGAIIAKTMLYPYDLVPVRMRLTTKNVLYSHLRAIARATVNIVENEGLKGLYRGLLPNYTMQLPKEMVWLVTYSQLSSFLERGC	YIA6_YEAST/274-369	--INLQRLIMASSVSKMIASAVTYPHEILRTRMQLKSDIPDSIQRR-LFPLIKATYAQEGLKGFYSGFTTNLVRTIPASAITLVSFEYFRNRLE---	68.4	0.6701030927835051	0.865979381443299	0.6288659793814433	0.8865979381443299	0.8969072164948454	69.33409271523179
seq37	-TE-TVFKALAGAISGITANFISAPAEFFRVRMIIANSKHPESAFLQTTKIACRIVKEEGVSGLWRGISVQALAGAPTNSIFFLSYGTMKPVLSEPI	YIA6_YEAST/74-171	------ITALSGAFAGFLSGVAVCPLDVAKTRLQAQGLQTRFENPYYIMGTLSTIVRDEGPRGLYKGLVPIVLGYFPTWMIYFSVYEFSKKFFH---	68.0	0.6185567010309279	0.845360824742268	0.6288659793814433	0.865979381443299	0.9072164948453608	76.76067039106145
seq154	MG-TNLQIAIAGTLSSLIATITTFPLETIRKRMQLQESTSLESFLKIFKEIPKKILAEGGYRGFYKGISVDLFRIAPGCAIFLTTFDFAKKYIDK--	DIF1_CAEEL/100-198	-EMTFIQNANAGALAGVFTTIVMVPGERIKCLLQVQQAGSAGSGVHYPLDVVKKLYKQGGISSIYRGTGATLLRDIPASAAYLSVYEYLKKKFS---	67.9	0.6185567010309279	0.8144329896907216	0.6082474226804123	0.845360824742268	0.9278350515463918	76.80344129554656
seq141	KTML-IKNALAGSFASFVFRCCDYPLDVAKIRQQIQVSQQQEYYFSNITSMIITILKNEGILGAYRGAIMGIYATTITSTLSFTTYSLAIQLLEEST	MPCP_BOVIN/61-152	--------GLGGIISCGTTHTALVPLDLVKCRMQVDPQKYKS-----IFNGFSVTLKEDGFRGLAKGWAPTFIGYSLQGLCKFGFYEVFKVLYSN--	67.2	0.6907216494845361	0.8556701030927835	0.6391752577319587	0.8865979381443299	0.9072164948453608	76.60245006657789
seq63	MIPHELVSFSAGTLAGSIGATAMFPLDSLRARQQFQNRSTTDGTSSTTAMIVRQIYQQEGFFGFYNGLASTLVGTAVSAGFTLPAYNEFFDLLNRWF	YFL5_YEAST/218-307	------SSVITGLATSFTLVAMTQPIDVVKTRMMSQNAKTEYKN---TLNCMYRIFVQEGMATFWKGSIFRFMKVGISGGLTFTVYEQVSLLL----	67.1	0.6907216494845361	0.845360824742268	0.6494845360824743	0.865979381443299	0.8969072164948454	72.52722296395193
seq46	MFPYAICNHLAGAFAAISSKIILNPPETIKRRLMIQGFKHKQFVYRGPISIAKTIYNNEGLPMFFSGSLLTLAINAPGAALYFFFYEMFKKYMTR-P	ADT1_YEAST/214-307	---SFVASFLLGWVITMGASTASYPLDTVRRRMMMTSGQTIK--YDGALDCLRKIVQKEGAYSLFKGCGANIFRGVAAAGV-ISLYDQLQLIMF---	67.1	0.6701030927835051	0.845360824742268	0.6185567010309279	0.8865979381443299	0.9278350515463918	70.87563471502591
seq121	VN-IILVNAICGTVAGCLATSFTLPLDLIRTRCQVQGTKFLENFSPHPAATMLHIIKQEKAMGLYRGYGAALVQSIPTTFVTSWIYQFCVHYMS-SR	NDT1_ARATH/109-204	-KLSVGANVLAASGAGAATTIATNPLWVVKTRLQTQGMRVGIVPYKSTFSALRRIAYEEGIRGLYSGLVPALAGIS-HVAIQFPTYEMIKVYLAKK-	67.0	0.5670103092783505	0.8762886597938144	0.6082474226804123	0.8762886597938144	0.8762886597938144	78.30089552238805
seq15	EISG-VANAASGSASGLMSQVAAYPLETVRSQLQLRFLAASSSEDRGFYRTACSIFAQEGLRGFYRGVLPNGMKILPNVSLTFWCYDLLQALNRDNQ	YE08_SCHPO/13-111	-WEFLVKSGIAGGTAGCVAKSVVAPLDRVKILYQTNHASYRGYAYSRLYKAIKHIYHVYGLHGLYQGHTATLYRVFPYAGIKFVAYEQVRRVLIR--	67.0	0.6907216494845361	0.8350515463917526	0.6494845360824743	0.8865979381443299	0.9278350515463918	72.37672108843537
seq67	LKL-RLGNWKGGAVAAIIARTFILPLDVIRRKQQIQPSAHETKSWKHVVRTGKQILEKEGIFSLWRGAYAGYLRSIPFTAIQFASYNTALKFLRTTF	PET8_YEAST/186-276	-QVEPWKGAICGSIAGGIAAATTTPLDFLKTRLMLNKTTAS------LGSVIIRIYREEGPAVFFSGVGPRTMWISAGGAIFLGMYETVHSLLSKS-	66.8	0.6288659793814433	0.8350515463917526	0.6288659793814433	0.865979381443299	0.8969072164948454	70.88196658097687
seq22	AMDNELNNLALGAFSRISAQSLIFPLDVLRRRMQVKQCNDAEEEPLNFHSLIKTIVKQEGMKGLYIGMGCNLSKSIPSSATTYATYLFLFNLLNKYF	YBT5_SCHPO/125-221	----NVGYFISGGIAGIVSRTCTAPLDRLKVMLISDTGSKPSPKYPFLLHTTKVLWNRNGIRSFFVGNGINVLKVMPESSIKFGTYEAMKRVL----	66.4	0.6804123711340206	0.8556701030927835	0.5979381443298969	0.8969072164948454	0.9175257731958762	78.36936197916667
seq114	MEEMLFVDASCGTIGGVIAKTIAFPLETIKKRYQVNGMLRQNNYRGSWFTTGLIILKQEGLAGFYSGFGSSISKNGINSALRYTVYEECIRWLRNKT	PXN_ARATH/107-221	-SVGMFASLLVAAFAGSVNVLMTNPIWVIVTRMQTHRKMTKDQTAAPTFNTIREVYDEAGITGFWKGVIPTLIMVS-NPSMQFMLYETMLTKLKKK-	65.8	0.6185567010309279	0.845360824742268	0.6185567010309279	0.8762886597938144	0.8865979381443299	73.32634941329856
seq95	MIPKPTTKLASSAIAGVRRTICIQPWDLALTRLQVTVEKALNSYASETLSTFVQIIETESLFGLYKGLRTTLMGSIPTHCVMYTSYDFIKHVCKSII	O62526_DROME/119-215	-WRHFAGNLASGGAAGATSLCFVYPLDFARTRLAADVGKGGNREFNGLIDCLMKVIKSDGPIGLYRGFIVSVQGIVIYRAAYFGFYDTCRDFLP---	65.7	0.6907216494845361	0.8556701030927835	0.6391752577319587	0.8969072164948454	0.865979381443299	67.61531746031746
seq75	MSES-FWKLFAGGFSTFISKIFTFPFDVIRVRMQHAYNTDLRYSFMQYFIHVFDVFRNEGFRSFYKGILPTLIACVPTTGFVMLSYEICYIYRRN-F	DIF1_CAEEL/201-294	--LSPGATLMAGGLAGIANWGVCIPADVLKSRLQTAPEGKYPDG---IRGVLREVLREEGPRALFKGFWPVMLRAFPANAACFFGLELTLAAF----	65.3	0.6597938144329897	0.8350515463917526	0.6494845360824743	0.8762886597938144	0.9072164948453608	70.63522222222223
seq66	MHSV-PSNVVAGAVGATVSAVVLNPIDVVRRRQMLQQEDHNEAGTRSTGRLFKRVLANEGFNGLYRGLTIVAIRSIPHSAFSLWSFEAVTSGARTYL	YDE9_SCHPO/254-341	-------AAISGSIAGGIAAALTTPFDVVKTRIMTSQQRLSY------VFTIKSIVAHEGFLALYKGIVPRVLWLSGGGAIFLGCYDVILNFM----	65.3	0.6804123711340206	0.845360824742268	0.6391752577319587	0.865979381443299	0.9175257731958762	69.52824250681198
seq70	--ESMIHNLVAGLCGTMVANTLVHPLDTIRLRMTVYQSNTTSDVTFSPLLVIKSLVKYEGYSSLYKGIIPVLISSIGTAGIKFFIFQKLLGYIAKKQ	MTM1_YEAST/264-364	-WVHFINSFASGCISGMIAAICTHPFDVGKTRWQISMMNNSDPKGGNMFKFLETIWRTEGLAALYTGLAARVIKIRPSCAIMISSYEISKKVFGN--	64.9	0.6804123711340206	0.8556701030927835	0.6391752577319587	0.865979381443299	0.9175257731958762	79.53454421768707
seq159	SGENVLLNLACGGISTVTSQIVTNPLEMVKRRIQLQEQRVGYSSIQIARSIVIQDFNKNGISVFFSGLLPSIWRSIPGGAVSFLTIEAAHKYLYVKN	YMC1_YEAST/116-209	--LSLPQYYACGVTGGIVNSFLASPIEHVRIRLQTQTGSGTNAEFKGPLECIKKLRHN---KALLRGLTPTILREGHGCGTYFLVYEALIAN-----	64.9	0.6701030927835051	0.865979381443299	0.6597938144329897	0.8865979381443299	0.9072164948453608	75.05469333333333
seq64	MASKVLTNAVAGAVAGVISYGTLFPLDVIKTHLQLNEDTKLTTSTQDTYSAFIKIMEKDGSANFWRGLGAGLTMTIPTIAAFFFANNAVGSFLITGF	YHMB_SCHPO/163-251	-----------AALSGAITAAVLTPLDVIKTQINLRPESYR--------KVVRRIYKENGIFGFEKGLGLRVFASSLGLSIYLGTYEHVKSHLH---	64.2	0.6907216494845361	0.845360824742268	0.6391752577319587	0.8969072164948454	0.8969072164948454	69.2442817679558
seq126	S-PETLAKAICGGIGGGIATAMTQPLELVASRIQLAGSKHLEIKYSTTRDALQKIVKDEGATALFEGLGVGLARSIVSSSLLIPGHEFARLRLQRGQ	UCP2_MOUSE/112-208	---GIGSRLLAGSTTGALAVAVAQPTDVVKVRFQAQARAGGGRRYQSTVEAYKTIAREEGIRGLWKGTSPNVARNAIVNCAELVTYDLIKDTLLKA-	63.8	0.6494845360824743	0.845360824742268	0.6185567010309279	0.865979381443299	0.8865979381443299	72.82723011363636
seq93	MIPKPQTKLASSAIASVRATICIQPLDVIKSRAMLTHGIARNSYASESLKTFVQIIETEGLPGLFRGLRTTLWGNIFTHVGMLTVYDFYKEYFKSII	E1ZK10_CHLVA/149-240	-----AVNLASGGLAGAGSLLIVYPLDFARTRLAADVGSGKGREFTGLVDCISKTAKRAGPIGLYQGFGVSVQGIIVYRGAYFGLYDTAKGVLFK--	63.7	0.6907216494845361	0.865979381443299	0.6185567010309279	0.8762886597938144	0.8865979381443299	76.98176701570682
seq155	MG-YSLAHVAAGGLSGLAAKITTQPFATLRIRAIARESVALESFSVHSKQVGKQIVAEEGIRGLFKGILVSLFRIVPPSAVALGVFEFAKSSINTI-	MCAT_HUMAN/106-201	--LSYPQLFAAGMLSGVFTTGIMTPGERIKCLLQIQASSGESK-YTGTLDCAKKLYQEFGIRGIYKGTVLTLMRDVPASGMYFMTYEWLKNIFT---	63.2	0.6494845360824743	0.8350515463917526	0.6082474226804123	0.8556701030927835	0.8969072164948454	75.18399715504978
seq68	-EE--LKECIIGCFTAVSADTLVYPMEVLRKRLFFYSTESRSGKYVGTSGLFYRILEKEGLQGLYRGLSVAMARAVPSQVISLLLYIQGKKMLND-F	YQ73_SCHPO/210-333	-DIGVFRELITGSLAGAGAGFLTTPLDVAKTRLQTAKDENSKSKSAAIRHVLGGLYKSEGLLGLFRGFGPRIFWTSSQSSLMFVFYEGIIRLFNKNN	63.0	0.6804123711340206	0.8247422680412371	0.6185567010309279	0.8556701030927835	0.9381443298969072	76.37702849389416
seq97	MIPKPTTKIASGYIQGVRRILCIQPFEVALTRAITTKEKTRNSYASESLSTFRQILETEGLEGLYYGFRTTLMGTIPAHVVYYTTYDFIKHYCKSII	O01813_CAEEL/113-209	-WKFFAGNLASGGAAGATSLCFVYPLDFVRTRLGADVGKGVDREFQGLTDCFVKIVKSDGPIGLYRGFFVSVQGIIIYRAAYFGMFDTAKTLYST--	62.9	0.711340206185567	0.8762886597938144	0.6804123711340206	0.8865979381443299	0.9072164948453608	68.30944942381562
seq21	MSSNVT-KFLAAASSRVFSQTVVYPLDILKFFMQFGGSRGSEEEKRSVFRVTKDILNKEGVAGFYRGLLCAYSWIIPTSALDYANYLFMTVQYKSKS	CMC3_CAEEL/240-333	----WWRHLVAGGVAGAMSRTCTAPFDRIKVYLQVNSTKTNKLG---VVSCVHLLHAEGGIKSFWRGNGINVIKIAPESAMKFMCYDQIKRWMQEY-	62.8	0.7010309278350515	0.8556701030927835	0.6494845360824743	0.8969072164948454	0.9072164948453608	74.88626143790849
seq73	MSERFFEIAVAGAFSGLIAKTIIFPLDIIKSKMQHQYEKDLNISNIDYFITAQRVTRKEQVRGFYSGISPTLIAAFPYACCVMLTYEILYYDIRD-F	MCAT_HUMAN/205-298	--LSAPRILVAGGIAGIFNWAVAIPPDVLKSRFQTAPPGKYPNG---FRDVLRELIRDEGVTSLYKGFNAVMIRAFPANAACFLGFEVAMKFLN---	62.8	0.6804123711340206	0.845360824742268	0.6391752577319587	0.8762886597938144	0.9175257731958762	66.52507024265645
seq69	PES--SIEVGAGFFSGVSAWVLVFPLEVVSRRLMFRATERLETPFKSPLQVLYQMLETEGWRSLYKGLDIVMIRAVPSQVVFYLGYRTIKDFLSTHF	MME1_YEAST/252-365	-ELSIPNEILTGACAGGLAGIITTPMDVVKTRVQTQQPPSQSNKSYSISLSLRTVYQSEGVLGFFSGVGPRFVWTSVQSSIMLLLYQMTLRGLSN--	62.8	0.6907216494845361	0.845360824742268	0.6185567010309279	0.8762886597938144	0.9587628865979382	76.66523932729625
seq88	DHVSFADHLLAAGIAKALACVFIYPCKKIKIRTINDNLKSDRKGYNSVRQIGAEMLRNERVEVLYRGVSVNVLKVTLALGLQFFIYEKAKHYLKNTA	ARG13_NEUCR/38-132	----ALEDIVYGSAAGIVGKYIEYPFDTVKVRLQSQPDHLPLRY-TGPLDCFRQSIRADGFLGLYRGISAPLVGAALENSSLFFFERIGRSLL----	62.7	0.7010309278350515	0.8556701030927835	0.6597938144329897	0.8969072164948454	0.9175257731958762	74.04219922380337
seq23	RSEE-T-RFLAATSSGVISQMVSYPFDILRFRMQFGRYRNASAEPRSFFRIAKEILKKEGLAGFYKGILCAFSIIVPTTALTYATFLYAIDFYRRES	SCMC1_RABIT/190-281	---QWWRQLLAGGIAGAVSRTSTAPLDRLKVMMQVHGSKSMN-----IFGGFRQMIKEGGVRSLWRGNGTNVIKIAPETAVKFWVYEQYKKLLTE--	62.6	0.6494845360824743	0.8762886597938144	0.6494845360824743	0.8865979381443299	0.9072164948453608	76.9306330749354
seq65	ESGL-FSSLVAGAMATALSETVIHPLDLVRFRQQLAQGDRGEAGSFHGFLIMKTVLAEEQFMSLYKGLGPAYLRAIPYRAFSDLCSNALISLLTETG	Q18934_CAEEL/177-269	---SPLEGAACGSVAGFIAAGLTTPLDVAKTRIMLTKNGPAP----GILSTLKEVYTSNGVRGLYSGVVPRVMWISGGGFVFFGAYETAMHF-----	62.4	0.7010309278350515	0.845360824742268	0.6494845360824743	0.8865979381443299	0.9278350515463918	74.05802197802197
seq144	MEQY-WEMLACGALAGVTAKIVSFPFETMKRRIQVYNSKLLKSHRPNFITTFLNIVKEDGISGIYRGFPPALAKYFLFYFPCIEGLLSRIMLYELEI	Q93YZ9_ARATH/134-230	------ANGAAGLTSAVAAQTVWTPIDIVSQGLMVQGDVSLSKHLPGGFDAFRKILYTDGPRGFYRGFGISILTYAPSNAVWWASYSLAQK------	62.3	0.6494845360824743	0.845360824742268	0.6701030927835051	0.8762886597938144	0.9072164948453608	69.90392356687899
seq101	MNSTLVKKSVLAAGAAGFSTLIMHPFDVIRRRMMVQSGKHGQIYFSHPLECTKKMLAQEGVVSLYSGLSVALFSCVPTTALSTLSITFINSFAADAS	TXTP_YEAST/8-102	--VDPLHSFLAGSLAGAAEACITYPFEFAKTRLQLIDKASKASR--NPLVLIYKTAKTQGIGSIYVGCPAFIIGNTAKAGIRFLGFDTIKDMLRD--	62.2	0.7010309278350515	0.8865979381443299	0.6597938144329897	0.8865979381443299	0.9175257731958762	78.35413793103449
seq42	-P-PKH-ELLAGFAGGSVSNVFLYPLELIRTRLQVGYSQHQKGESLHDAGLVAQLVRNEGVFSLFRGILLTWLTAGAQQTLSFYAFDLAKEIWRN-L	BT1_MAIZE/322-417	--VGPVATLLIGSAAGAIASSATFPLEVARKQMQVGAVGGRQVYQ-NVLHAIYCILKKEGAGGLYRGLGPSCIKLMPAAGIAFMCYEACKKILVDK-	61.8	0.6391752577319587	0.8350515463917526	0.5979381443298969	0.845360824742268	0.8969072164948454	72.28978260869565
seq153	MSTYVLANTAAGSLGGFCTALFICPVEMVKIRKQLFLREGKKFHSESLPRILREVYKKEGAPGLYRGLGVTMVREIPYAILSGASFWLGKEAFLENE	ARG13_NEUCR/139-238	--LSLSALWFTGGFSGAFTSLILTPVELVKCKIQVPDEPGGAGARQRPIPVIKEIFRHEGLRGFWHGQLGTLIREAGGCAAWFGSKETTSKWFRG--	61.6	0.6907216494845361	0.8969072164948454	0.6391752577319587	0.8762886597938144	0.8969072164948454	77.6407114624506
seq99	MIPIPPFKIASGAVAATRATICIHPFDTILHRAKVIKEAARNSYASGTLSIFVRTIQTEGVPSLYKGLGTTLMTVVPTHAVYYTVYDATKGYIKRII	ADT2_YEAST/123-222	--KWFAGNLASGGAAGALSLLFVYSLDYARTRLAADSKSSKKGGARQLIDVYKKTLKSDGVAGLYRGFLPSVVGIVVYRGLYFGMYDSLKPLLLT--	61.5	0.6804123711340206	0.865979381443299	0.6391752577319587	0.8865979381443299	0.865979381443299	73.79879032258064
seq132	TALFLPKHFLSGMMASGVTEMLLFPADTVKARMQVAGHQVQPAVYNSFWKGFRHIARDEGVLVLYRGFWVCTPRHVIWAGSTMIIHDQLRLLLGSDM	Q53PA7_ORYSJ/113-208	--LPLVQKAGIGLTAGAIGACVGSPADLALIRMQADSTLPAAQSRNYAFHALYRIAADEGVLALWKGAGPTVVRAMSLNMGMLASYDQSVELFR---	61.3	0.7010309278350515	0.865979381443299	0.6494845360824743	0.8969072164948454	0.9587628865979382	73.45460440985732
seq55	QWYLY-LAHVLGTASGAISKILLFPCDTIVKRMQVARSSEYELSSTATMRTLSAIYREGTVRRLYRGLGPALLQAVPTSTLAIWTYDLLLYILSPY-	SFC1_YEAST/210-308	---PSWETSCIGLISGAIGPFSNAPLDTIKTRLQKDKSISLEKQSGMIITIGAQLLKEEGFRALYKGITPRVMRVAPGQAVTFTVYEYVREHLE---	60.9	0.6494845360824743	0.8350515463917526	0.6288659793814433	0.865979381443299	0.9175257731958762	66.40168658698539
seq120	VF-RN-ADAVAGSFGACISTWITSPLDTMRIRLQVQQNKILENPSPKPLQQALTIIKQEGMRGLYRGSSVFLFQVIPQTFLVHVVANLCIHTIL-SP	YEA6_YEAST/134-229	--SPFLSNASSAITAGAISTVATNPIWVVKTRLMLQTGIGKYSTHYKTIDTFRKIIQQEGAKALYAGLVPALLGML-NVAIQFPLYENLKIRF----	60.8	0.6185567010309279	0.845360824742268	0.6185567010309279	0.8762886597938144	0.8762886597938144	68.84776261937245
seq77	QKL-GT-NLIMAGFGGLIAKIASFPADIIQKRNQVIGITHLVKEPGLIGLIGAQIIRKEGILGLYRGIVPSLIKAVPNTAITYLAYETINEVLVGDD	YETC_SCHPO/201-298	----PTSHIISGGLSGAIASSLTTPLDVVKTLLQTRGSSSEVRKCKGSLDVVRFIYNYGGIPSFFKGIRPRMVVAMPATAVSWAAYEAGKEILI---	60.8	0.6185567010309279	0.8350515463917526	0.6082474226804123	0.8762886597938144	0.9587628865979382	71.68488764044943
seq116	PT-ENIARCSAATLSAAIAKTLAFPLDTIKTRMQVQPSDHPPFRTEHAVSIIRSILQQEGHSAFFHGLYTALSPGIATAGTNFVSFENVIAAINNGC	YBC9_SCHPO/94-184	-EISVLQTLCSSGFAGCIVAALTNPIWVVKSRILSKRVNYTN-----PFFGFYDLIKNEGLRGCYAGFAPSLLGVS-QGALQFMAYEKLKLW-----	60.7	0.6391752577319587	0.8556701030927835	0.6391752577319587	0.8865979381443299	0.8969072164948454	75.50717663421419
seq53	MSL-GW-VYVAGGVGQLVRFIIEYPVEVIKVRMQAADSYVLQKKYQHILRTTLAIPASDGLSGLYRGLLPALTQNIPSTLLFTSCYSTTQEVLA-V-	NDT1_ARATH/209-304	--------AVASSIAKIFASTLTYPHEVVRARLQEQGHHSEKRYSG-VRDCIKKVFEKDGFPGFYRGCATNLLRTTPAAVITFTSFEMVHRFLVT--	60.7	0.6185567010309279	0.8556701030927835	0.6288659793814433	0.8762886597938144	0.8556701030927835	64.22322222222222
seq152	MKKGSCVVHAASKLYGLINWVLTYPLESVKTRLQGSSVECSVTYSKCLKYTLSEILKNEGILSLYSGLEVTLMKIIPYAFLNYLAFSKIKQYFDIY-	Q10050_CAEEL/115-208	--MTPLENAFSGSLAAVFAATVLCPTELVKCKLQAAREMKKKCT---PFSVCRDIMKDTGVRGFFVGMTPTLAREVPGYFFFFGAYETCRFLLTD--	60.4	0.6597938144329897	0.845360824742268	0.6185567010309279	0.8865979381443299	0.9175257731958762	68.16413298565841
seq41	NEWN-LVEHIAGSIASSVSNITCYPFETMKRRMQTQIKVHRKGWSVFYAKIPKEIIQNEGFSALYRGTLSASSLKIELSVLNFMIYNKAIQYLRR-S	ADNT1_ARATH/240-348	-ELTVVTRLTCGAIAGTVGQTIAYPLDVIRRRMQMEGRSTASLEYTGMVDAFRKTVRHEGFGALYKGLVPNSVKVVPSIAIAFVTYEMVKDVL----	59.4	0.6185567010309279	0.865979381443299	0.6288659793814433	0.8762886597938144	0.9175257731958762	61.045077519379845
seq31	G-NTRVWLFGLSCMCGAISTFVSQPLDTIKARMQLANPKSPEMKPIGAVRIGLSIIKREGVPGLFRGSSSRVLRAGAAFGLYTIVMEHIKQQLGKI-	MRS3_YEAST/29-123	--APLYHQLIAGAFAGIMEHSVMFPIDALKTRIQSANAKSLSAKN--MLSQISHISTSEGTLALWKGVQSVILGAGPAHAVYFGTYEFCKKNLID--	59.3	0.6597938144329897	0.8247422680412371	0.6185567010309279	0.845360824742268	0.9072164948453608	81.09238161559888
seq76	MAEYRWEECLAGTIGSFVGKIGTHPFDTIKTRSQTSNSKVAAKEKFSNTIECFEILIKEGVQGVFRGFRPTVSAAVIDNAFFFFSYRRAIAVCKTVY	RIM2_YEAST/48-168	--VKPWVHFVAGGIGGMAGAVVTCPFDLVKTRLQSK----------GTLGIIGNVYKQEGFRSLFKGLGPNLVGVIPARSINFFTYGTTKDMYAKA-	59.2	0.6804123711340206	0.8762886597938144	0.6391752577319587	0.8969072164948454	0.8969072164948454	72.04677966101696
seq118	MNANDWAFHTAGTIAKILGESITFPFETAKTHVQMAMVYPTRPYFESPWKTGIHIAKSDGFSALFRGYQAALLKNIPQGFVNMWSWETAKHYVMSSF	RIM2_YEAST/171-267	--ETPMIHLMAAATAGWATATATNPIWLIKTRVQLDKAGKTSRQYKNSWDCLKSVIRNEGFTGLYKGLSASYLGSV-EGILQWLLYEQMKRLIKE--	59.1	0.6494845360824743	0.8865979381443299	0.6701030927835051	0.8865979381443299	0.8969072164948454	74.94703465982028
seq59	MCCFSSINFINGAIGAFVSKVVTYPWDVVRKKMQAIEINNPIFQSGGVLMTLTTLYQKGGFTAFYSGLVPTLQKGILAASVGLWMNDRIRNFMG-NF	M2OM_CAEEL/201-297	---GIFCHFLASMISGLATTIASMPVDIAKTRIQSMKVIDGKPEYKNAFDVWGKVIKNEGIFALWKGFTPYYMRLGPHTVLTFIILEQMNAAYFQ--	58.3	0.7216494845360825	0.865979381443299	0.6701030927835051	0.8865979381443299	0.8969072164948454	70.91544354838709
seq100	MIGIFGLNALGGAIGGVVATSAIWPFDTTRTRAVTTGRTKEGTYANTCVGNLWQILKQEGLFGLYHGLRTSFMGVATTHAVYYTVYDLSKGLCEFLC	Q21809_CAEEL/112-208	-----AGTFVSGGLGGATTLFMLYPFDFARTRLALDVKKDGSRKYKGMVDCLKKIKASEGVASWYKGLSSALQFVIASRAIFFGIFDSIRTS-----	57.5	0.6597938144329897	0.8969072164948454	0.6185567010309279	0.8865979381443299	0.8969072164948454	72.07979564032698
seq94	MIPKAKTALLSSAIASVSATILIAPLKVFLTRAMVTASKARNSNASNSLSTFVQIYETEGVPGLYRGLRTTLMGSIFTVVSMYTVYDFYKENLSSII	ADT_DICDI/112-208	---FFIGNLLSGGAAGATSLLFVYPLDFARTRLAADVGTGSARQFTGLGNCISSIYKRDGLIGLYRGFGVSVGGIFVYRAAFFGGYDTAKGILLG--	56.9	0.7010309278350515	0.8556701030927835	0.6494845360824743	0.8762886597938144	0.8762886597938144	70.2576358695652
seq113	MNKEQSKITLAGGVAGICQIIVGHPLGTVKVRFQSGAIAELDNKSTGYAKTFLSIMKNEGIVGLYKGVGVKVAGAGLNTAFTYQVLHMEISIEQVS-	YBT5_SCHPO/224-320	--HSPLYSYLAGGMAGSVAQMFIYPVDTLKFRIQCSDLSRGQHGKSIILSNAKELYKSVGIRGYYRGVLVGILGMFPYSATDLGTFEGLKRTW----	56.5	0.6804123711340206	0.845360824742268	0.6391752577319587	0.8762886597938144	0.8969072164948454	67.36217821782178
seq131	VKVPPLGLFFSGGLLGGVATMVCYPADVVRARMQRAPSGSQPISYTSVPSMLQHTIRTEGVTSLYRGWGVCGMRSLLIAPTRFGAHDQLMLQLRRLC	O89035_RAT/94-192	-PLPFYSKVLLGGISGLTGGFVGTPADLVNVRMQNDMKLPLSQRRNYALDGLYRVAREEGLKKLFSGATMASSRGALVTVGQLSCYDQAKQLVL---	56.5	0.7010309278350515	0.8762886597938144	0.6597938144329897	0.8969072164948454	0.9072164948453608	68.98223129251701
seq139	MA-A-HLNVAIGGIAGYIGTLATFPLDVVHVCHMLGSSHHHRSSFSHAGNMLLSIVRQEGLFGLYQGFRVISVSMMFQAFVNAAGYDFLSDYFTT-G	DIC1_YEAST/13-100	----------YGGAAGIFATMVTHPLDLAKVRLQAAPMPKPT-----LFRMLESILANEGVVGLYSGLSAAVLRQCTYTTVRFGAYDLLKENV----	56.1	0.6907216494845361	0.8556701030927835	0.6494845360824743	0.8865979381443299	0.9072164948453608	67.3179020979021
seq91	MVSSFTTSIGCCFLASVVAKTACYPLDTLYRRLCVNGTIAANTPYGGTFSALQRVLDQEGVLGLFRGLNGALLCGIPATGIFLTVQDTVKKSLNVQM	Q21084_CAEEL/4-100	--LTNYEHLIGGLCGGVTSTVVCHPFDLLKIRFSANEGSSLRPQYSSYADAVRKIVRVEGVRGLYQGWTPSLIGASLSWGLYFQWYNSLRTKIYEN-	55.2	0.6907216494845361	0.845360824742268	0.6288659793814433	0.8762886597938144	0.9278350515463918	72.01867132867133
seq111	KQV-FSNHASAAVIAGVIMDILCFPFDTIKIHVQFESSASKSLFQKGYARIGLQVLMREGPLGLYSGVGVAAVGTMGPTIVMYALYEEMLKYIRKGG	CMC3_CAEEL/336-429	--LSTIERLLAGSSAGAISQTAIYPMEVMKTRLALRRTGQLDKG---MFHFAHKMYTKEGIKCFYKGYLPNLLGIIPYAGIDLTVYESLKSMYTKY-	54.9	0.6082474226804123	0.865979381443299	0.6391752577319587	0.8865979381443299	0.9072164948453608	72.91994505494506
seq72	MSHT-WNAICEGIFAGGVSKIFTFPLDTIKKRMQIAATKSLGGNFFWVILIVFRIWEHESVWGLYKGLPANIAATASTGFAFLLGYKLADNVLSVAF	CRC1_YEAST/235-325	--VNILNVCLAGGIAGMSMWLAVFPIDTIKTKLQASSTRQN------MLSATKEIYQRGGIKGFFPGLGPALLRSFPANAATFLGVEMTHSLFKK--	54.6	0.6701030927835051	0.8556701030927835	0.6494845360824743	0.8969072164948454	0.9175257731958762	73.52441333333333
seq135	MPP-CVWTHIASIPGAVASTVTTQPLDFVKMRLQVHGPLGSSTEDSHALMMLRKIYETDSLKNFYNGLGVAVLTTIVYLTVNYWALETTTELLLAAD	UCP1_RAT/14-104	-------KIFSAGVSACLADIITFPLDTAKVRLQIQGEGQASSTIRYVLGTITTLAKTEGLPKLYSGLPAGIQRQISFASLRIGLYDTVQEYF----	54.0	0.7216494845360825	0.8762886597938144	0.6494845360824743	0.8969072164948454	0.9175257731958762	71.39948579161029
seq38	LDFTDWQALVVGGVAGSVSMFFVWPIETILRRLQTDQKQMPDGCRNICATIWLQIKEAEGYSGLYKGAIVGSGKFMEAMAVDFTCYDYAKKVLVK-R	S2542_HUMAN/222-316	---YPFERMIFGACAGLIGQSASYPLDVVRRRMQTAGVTGYPRAS--IARTLRTIVREEGARGLYKGLSMNWVKGPIAVGISFTTFDLMQILL----	54.0	0.6804123711340206	0.865979381443299	0.6494845360824743	0.8762886597938144	0.9278350515463918	65.67805298013245
seq85	YHL-IVPKLTIRSMRSIRAKTATYPMDVFSRRLQLKVCKEADYGKSHVKHTVLHMLDNEGSLSFWMGMMPCLLKSIPASGVQFFSYEIMINYIK-FV	COLT_DROME/11-109	--ANPVKSFLTGGFGGICNVLSGHPLDTIKVRLQTMPRPAPGEQPLYTFDCAAKTIKNEGVRGLYKGMSAPLTGVAPIFAMCFAGYALGKRLQQ---	53.6	0.6907216494845361	0.8762886597938144	0.6494845360824743	0.8865979381443299	0.8865979381443299	66.20060880829016
seq80	-HQQFLPQLAAGTITNAVTRILSVPLEPVHRIMQALSPKKKSIFEQGPLRLVLHIVDKHGVKGLLKGIGMAAITTIPSTSIRFVVYEHLHALLGYHL	ANT1_YEAST/218-313	-SLSAVQNFILGVLSKMISTLVTQPLIVAKAMLQSAGSKFTT-----FQEALLYLYKNEGLKSLWKGVLPQLTKGVIVQGLLFAFRGELTKSL----	53.5	0.6804123711340206	0.8556701030927835	0.6391752577319587	0.8762886597938144	0.8969072164948454	64.62497319034853
seq150	KVGDTELLTVTTCGCKMIASIFVYPNDTIRRRMQTPLDKRGALSPLVFVRRSLEMVRTEGVIGLYKGFLPSLIRAVPVNAFSVYVFEAVLSFFDQNN	YQ51_CAEEL/170-261	------AAAVAGIVARTIAVTVVSPIEMIRTKMQSKRLTYHE-----IGHLVRSSMATKGISSFYLGWTPTMLRDIPFSGIYWAGYDLFKTNLQR--	53.5	0.6907216494845361	0.865979381443299	0.6597938144329897	0.8969072164948454	0.9278350515463918	73.5758769633508
seq142	DTMT-LKNALIPGLSSVVARCFDYPWDVIRLRQQFQLSQQQEYAFGGLTSMFASITKNEGYLGLFRGLTPGMVATGITSFCFFGSWFKIIRLLEAST	O80412_SOYBN/72-163	-----AACTAGGILSCGLTHMTVTPLDLVKCNMQIDPAKYKS-----ISSGFGVLLKEQGFRGFFRGWVPTLLGYSAQGACKFGFYEFFKKYYS---	53.4	0.7319587628865979	0.8556701030927835	0.6597938144329897	0.8865979381443299	0.9072164948453608	68.98068692206077
seq103	FRDNRYLDAFCGMMGILIQRIIIFPLETIRRRFLMQGVKHQQYRSGHYVETGCCMLDSEGMSSFFRGLGVCLLQTVPTEGIYFALSSYAKNALDKSV	ODC1_YEAST/7-113	--LPFIYQFTAGAIAGVSELLVMYPLDVVKTRMQLQVTTKGHPAVVAVMDCLTKIVKKEGFSHLYKGITSPILMEAPKRAIKFSGNDTFQTFYKK--	53.0	0.6494845360824743	0.8865979381443299	0.6804123711340206	0.9072164948453608	0.9278350515463918	71.23038659793815
seq104	RPLGR-DFFLIGFSAALLAQITSFPLETVRRRMQVHGVKREALGYENATDALEAIFAEEGWLGFRFGLGPSLIKTGSCTAMNFWSEALYKRYLLNWH	Q20847_CAEEL/16-115	-PIRYLPKVLNGGISGIVGVSCVFPMDLVKTRLQNQKGTSKYTG---IADCFKKSWRLNQIKGMYQGASVNIFLITPEKAIKLVANDFFRHALMKD-	53.0	0.6597938144329897	0.845360824742268	0.6082474226804123	0.8762886597938144	0.9072164948453608	74.47741267787839
seq117	MSKQEIAANISSTFSSCFNITLSFPLDTVRTRLQLQTEKKSESYWRHGSRIGLDIFQQEGVWAMFKGVNCALPRNIATSFAKFGAWNFYKHKFP-SY	FLX1_YEAST/121-215	----SLIYLSAGASSGLMTAILTNPIWVIKTRIMSTSKGAQGAYTS-MYNGVQQLLRTDGFQGLWKGLVPALFGVS-QGALYFAVYDTLKQR-----	52.9	0.6804123711340206	0.8762886597938144	0.6701030927835051	0.8969072164948454	0.8969072164948454	73.99873239436619
seq136	MPP-CTWIFIASLPGAVASTVITHPLDFVKMKLQIHSPLGSSEELTSALMMLLKIYETDGLKNFYNGLGVAQLTTIVYLFVNYWVLETTIERLLAAD	UCP1_HUMAN/9-107	-----GVQLFSAGIAACLADVITFPLDTAKVRLQVQGECPTSSVIRYVLGTITAVVKTEGRMKLYSGLPAGLQRQISSASLRIGLYDTVQEFLT---	52.8	0.7216494845360825	0.8762886597938144	0.6597938144329897	0.8865979381443299	0.8969072164948454	73.75632
seq112	KQV-FSNHASAAMIAGVITDILAFPFEKIKIHKQFESSASRSTFQKGYARIGLQVLMQEGPLALYSGAGVALVGGTGPTIIMYALYEEMKKYLRKGG	CMC2_CAEEL/340-433	-EISTFERLCAGSAAGAISQSTIYPMEVMKTRLALRKTGQLDRG---IIHFAHKMYTKEGIRCFYKGYLPNLIGIIPYAGIDLAIYETLKRTYVR--	52.7	0.5876288659793815	0.8556701030927835	0.6082474226804123	0.8865979381443299	0.9072164948453608	71.43547195622435
seq33	F-NDAVMLGTLGCLNGNISYIVSQPADVIKARMMQASTKVGEGQRMGLGHIGGSILRDESLPSLWRGITPMLLRAGPWAAVSMVVMESTIQQLNKIS	YETC_SCHPO/15-110	---PMYAHLLAGAFSGILEHSVMYPVDAIKTRMQMLNGVSRSV-SGNIVNSVIKISSTEGVYSLWRGISSVIMGAGPSHAIYFSVLEFFKSKIN---	52.2	0.711340206185567	0.845360824742268	0.6494845360824743	0.8865979381443299	0.8969072164948454	64.78335664335664
seq44	QIP-RKVRLLIGAIAGSVASSVCYPIDFVRRRILFKGVDKFEFKHRSTLRGLLFVVSQNGFGGLFQGVTSQVLKAVITISLLFWVKDESIKFSGVKL	TPC1_YEAST/208-314	-------NHSAGTIGGVIAKIITFPLETIRRRMQFMNSKHLEKFSRHFARIGLQILKQEGVSSLYRGILVALSKTIPTTFVSFWGYETAIHYLR---	50.9	0.7010309278350515	0.8556701030927835	0.6494845360824743	0.8762886597938144	0.9175257731958762	70.7807397622193
seq24	MSF-HKEKFLAVFTSNIIGNMVAFPLDTLKRRLQFDNQGILSTILSSMFRIAIQIKRVEGWRTLCRGIGPAVSRVLPTVSISFFVFHTANDFKL-NY	EAAC_ARATH/83-182	-------IFAAGALAGAAAKTVTAPLDRIKLLMQTHGIRLGQQSAKKFIEAITLIAKEEGVKGYWKGNLPQVIRVLPYSAVQLLAYESYKNLFKGK-	50.1	0.6597938144329897	0.845360824742268	0.6494845360824743	0.8762886597938144	0.8865979381443299	54.66268929503916
seq40	MDPYEPFRHLAGGVAGMMGLEILYQLDTIRMRQQVAQRSTMKSSSTHMSHGALQIVEKEGIAGFSRRLGIGVLGAIESATVHFGVYDCVNKDLKTWF	CMC2_CAEEL/438-534	---GVLALLACGTCSSTCGQLSSYPFALVRTRLQALSITRYSPQPDTMFGQFKYILQNEGVTGFYRGITPNFLKVIPAVSISYVVYEKVRTGL----	49.2	0.6907216494845361	0.865979381443299	0.6494845360824743	0.8865979381443299	0.8865979381443299	49.926458055925416
seq32	G-NTRGWLFGLSCMCTVISYFVSQPLDVISTRMQLAPSKAPGMPPIGAVRIGLGIIKSEGVPALYQGVSSIVLRAGAAVGTYTIVMESIKQQLGKIM	MRS4_YEAST/19-113	---PLHSQLLAGAFAGIMEHSLMFPIDALKTRVQAAGLNKAAST--GMISQISKISTMEGSMALWKGVQSVILGAGPAHAVYFGTYEFCKARL----	48.8	0.7010309278350515	0.8556701030927835	0.6494845360824743	0.8762886597938144	0.9278350515463918	76.80950284090909
seq39	SDLTDVQAHYVGGVAGSSFWTTSCPINLVLSRMQTDQLQHGSGCRNHCASSFSKILSAEGPSVLWKGLGIGSLKFKVATAVSMTTFDSARKVLPKSN	Q93717_CAEEL/201-292	-----YYRMLFGMLAGLIGQSSSYPLDIVRRRMQTGRIPSGWS----PLRALIHIYHTEGLRGLYKGLSMNWLKGPIAVGVSFTTYEKVLELV----	48.0	0.711340206185567	0.8762886597938144	0.6701030927835051	0.8865979381443299	0.9072164948453608	58.72307371349096
seq81	DRITA-NAAIAGGIGGSIASILVIPIDTAKTRFQFPPPSPDITFSKQFKYIGTKCLDLRQWKCIYQGSALTISGVIPSTIASFWSFELAKTIIVNSN	PXN_ARATH/227-325	--VTALETFLLGAVAKLGATVTTYPLLVVKSRLQAKQVTTGDKRQQYTLDAILKMIRYEGLYGFYKGMSTKIVQSVLAAAVLFMIKEELV-------	47.4	0.6804123711340206	0.8762886597938144	0.6494845360824743	0.8969072164948454	0.9484536082474226	64.98458904109589
seq148	FNIVELKNFIAGSIATVCASAITNPMDQSRKFKQFQYIRLQDDLASLKSLNGIQVWNTISVRGLYKGFWPTASRVIPASGLKLWLYDRIVPYFRIYI	MPCP_YEAST/111-202	-------YMGSAAMAEFLADIALCPLEATRIRLVSQPQFANG-----LVGGFSRILKEEGIGSFYSGFTPILFKQIPYNIAKFLVFERASEFYY---	45.5	0.7319587628865979	0.8556701030927835	0.7010309278350515	0.8865979381443299	0.9072164948453608	72.16678073510772
seq56	--TLP-YNLSLGAIGSAVGLTFLFPIDTIRRRKCLFLDSAETKEKVQYMNIVQLLYKEGTVRNFFSGIFPSILQVLPTTAFSFTFFQIAKYTLDAVK	ODC1_YEAST/213-305	------NDLIAGAIGGTVGCLLNTPFDVVKSRIQRSSGPLRKYNW--SLPSVLLVYREEGFKALYKGFAPKVMRLAPGGGLLLVVFTNVMDFFR---	45.4	0.6804123711340206	0.8556701030927835	0.6494845360824743	0.8762886597938144	0.9072164948453608	68.04855053191488
seq83	MHI-TGSKVSSGIAGSVRAKVLCYPIETIKRRLEAQNGKELMYQDSGFVKGVKEMLDKEGVSAFYRWISVSLSNSILGQFAQNSTWFLILMYQT-YQ	YMC1_YEAST/21-111	--ARVVKDLLAGTAGGIAQVLVGQPFDTTKVRLQTSSTPTT------AMEVVRKLLANEGPRGFYKGTLTPLIGVGACVSLQFGVNEAMKRFFHHR-	41.9	0.6701030927835051	0.8762886597938144	0.6701030927835051	0.8762886597938144	0.9175257731958762	57.78394422310757
seq147	FFI-ILENFIAGTGAGVFAKATTYNLDKTRKFLIIQNIYKQGKLSSDIKLNGIQKLKTEGVKGIYRGILIANSGVILANAISMWLYSTIVKQSRKYY	O80412_SOYBN/169-260	----TLIYLAGSASAEVIADIALCPFEAVKVRVQTQPGFARG-----LSDGLPKFVRSEGTLGLYKGLVPLWGRQIPYTMMKFASFETIVELIYKH-	40.2	0.6391752577319587	0.8556701030927835	0.6494845360824743	0.8865979381443299	0.9484536082474226	60.754263157894734
seq30	MDVQLPHNHSCECLSATISWIIVARLDTHTGRFQLHGALLGSSHDHHNFTSGLQILQEEGVSGFYSGILPMIIKVAPCRAASLAMHDRIEDILGLGS	SFC1_YEAST/6-104	---HPAINLMAGGTAGLFEALCCHPLDTIKVRMQIYRRVAGIEHVKPFIKTGRTIYQKEGFLALYKGLGAVVIGIIPKMAIRFSSYEFYRTLLVNK-	39.2	0.711340206185567	0.8762886597938144	0.6907216494845361	0.9072164948453608	0.8969072164948454	41.21467479674797
seq84	MHSKFFPGLSAGLLSSIRFQVILYPIESIRRRLQLEKCKHLAKGYSGFVEVSKNMYDHDGVSSFYNWIEVALSRSILASLAFNNFRKLCVEVMK-YV	YD1K_SCHPO/14-103	------KDFLAGVSGGVAQVLVGQPFDCVKVRLQSQSNVSPI--YNNALDCVKKISKNEGLAAFYKGTVLPLLGIGFCVSIQFTTFEYCKRFFSR--	38.4	0.711340206185567	0.8762886597938144	0.711340206185567	0.9072164948453608	0.9072164948453608	68.8980641025641
seq82	MHI-GPSIVSSGIAGSTRAKVLLRPIETIKRRLMLQNKKELEYGDSGFISGIKSLTDKEGVGSLYNWISVSLSNSILKSAAQNLIWFLILMYQT-YF	YMC2_YEAST/30-120	--NRVLKDIFAGTIGGIAQVLVGQPFDTTKVRLQTATTRTT------TLEVLRNLVKNEGVFAFYKGALTPLLGVGICVSVQFGVNEAMKRFFQNY-	38.2	0.6804123711340206	0.845360824742268	0.6804123711340206	0.8865979381443299	0.9484536082474226	52.02857718120806
seq138	M-DAHTLEYAHRAIVLLINISITYPGLCTRVRHAQISTHPHCWRPSHHVHMLLSIVQKESLFGFYRCWVPTMLGIMPFNALNNIFLDFAREYIL-RV	M2OM_CAEEL/7-100	----NVVKFAFGGTAGMGATLVVQPLDLVKNRMQLSGTTGKKEYRS-SMHALTSIMKNEGVFAVYNGLSAGLLRQATYTTTRLGTYAFLLERFTE--	29.0	0.711340206185567	0.8865979381443299	0.7010309278350515	0.9175257731958762	0.9072164948453608	65.60280612244898
seq89	MILKLFKYLSCETVGNTIATVISYPAETLQDRLELSSCRHHEDTYSSFGQGIRHMLKNEGVSVFFCGISEKLFDSILLFYLFNPFCRSIFQQQLRQP	BAC1_ARATH/10-103	---GFYKEYVAGMMAGLATVAVGHPFDTVKVKLQKHNTDVQGLRYKNGLHCASRILQTEGVKGLYRGATSSFMGMAFESSLMFGIYSQAKLFL----	26.7	0.7319587628865979	0.8969072164948454	0.7216494845360825	0.9175257731958762	0.9175257731958762	67.24097468354431
seq105	KDL-R-LFLDSKLSSGVLAEIETKPFEIIRHFDCFQRVVFYQLGYSLTMEALSKILDEEGCCAFYRRLGTTISAATTTTVFSFFSLCLFCIYRHCEA	CMC2_HUMAN/325-423	------YRFGLGSVAGAVGATAVYPIDLVKTRMQNQRSTGSFVGELMSFDCFKKVLRYEGFFGLYRGLLPQLLGVAPEKAIKLTVNDFVRDKFMHK-	18.8	0.7525773195876289	0.8969072164948454	0.711340206185567	0.9072164948453608	0.9381443298969072	44.658381201044385
seq137	MSCQPSAVSRLSLIMFFWQTAIGYCVDIMTQNHYEESSPTHRQSRSHAAPLVRSIWQQDSLPNPWKGRGLEVLASSSCLFVGQSVEAAATRKAL-AI	UCP4_HUMAN/19-120	------SKFLLSGCAATVAELATFPLDLTKTRLQMQGEAALARLGDGMVRTALGIIEEEGFLKLWQGVTPAIYRHVVYSGGRMVTYEHLREVVFG--	7.4	0.7835051546391752	0.9175257731958762	0.7319587628865979	0.9175257731958762	0.9690721649484536	32.123073825503354
seq86	MTALDREDALLGGIGGTRAMLRVPPCERIQSWLTLEEYAILRGEHASHMEGYLDTLQLPRIIGMCRGDETNSSLVIKSQTMQFFVRDTAQDRQISSP	Q10050_CAEEL/19-109	-------DLLAGTAGGIANVYAGQPLDTVKVKVQTFPNLYSN-----WIVCLKDTYKLDGIRGLYAGTLPALAANVAENAVLFTAYGYCQKTIA---	7.2	0.7938144329896907	0.9175257731958762	0.7319587628865979	0.9278350515463918	0.9278350515463918	32.78865612648221
